847950993139826689
1344809956737679490
549076193857503263
1300954661242535940
1307441537893793976
1389650362377568306
1270052947601915941
950064726203858944
1507829485355929680
1382108151523836017
1331924088717054010
1073489844199751750
1514712980384780506
1504643253591347320
1129932987333623890
1223185785671389237
1071120984683327569
1499464330012266642
1189385098768953505
799923175273398292
1483954445824950342
1408743796761694279
950131635607728158
1248508841621192734
1384616840847691816
1458634689114800370
1260399045868785704
1283508950913908857
1368685321134538752
1042044353910145084
1217571431982825582
1393626061799035010
1117333502464102400
344233211846459392
1148449757010870334
1029065983555539065
456917167548399630
1439481470052995194
988219460261400597
827252467724189727
205625820100820992
542552448116588554
1473063971052327036
1315171151005093968
1268913193736994896
1355583475129909439
760561415781744652
918614214321512448
239376880480813057
1334961373041393786
1501690221601882192
1244327462008127499
697406878933843989